2 2 2 2 2 2 2 2 2 2 2 2 2 2 2 45 45 45 45 45 45 45 45 45 45 45 45 45 45 45 45 45 45 45 45 45 45 45 45 45 45 45 45 45 45 45 45 45 45 45 45 45 45 45 45 45 45 45 45 45 45 45 45 45 45 45 45 55 54 53 45 45 45 45 45 45 45 45 45 21 21 21 21 21 21 21 21 43 21 21 21 21 44 21 21 21 43 21 21 21
2 2 2 2 2 2 2 2 2 2 2 2 2 2 2 45 45 45 45 45 45 45 45 45 45 45 45 45 45 45 45 45 45 45 45 45 45 45 45 45 45 45 45 45 45 45 45 45 45 45 45 45 45 45 45 45 45 45 45 45 45 45 45 45 45 45 45 52 51 50 45 45 45 45 45 45 45 21 21 21 21 21 21 21 21 21 21 43 21 21 21 21 44 21 21 21 43 21 21 21
2 2 2 2 2 28 2 2 2 28 2 2 28 2 2 45 45 45 45 45 45 45 45 45 45 45 45 45 45 45 45 45 45 45 45 45 45 45 45 45 45 45 45 45 45 45 45 45 45 45 45 45 45 45 45 45 45 45 45 45 45 45 45 45 45 45 45 49 48 56 45 45 45 45 45 45 35 21 21 21 21 21 21 21 21 37 21 43 21 21 21 21 44 21 21 21 43 21 21 38
2 2 2 2 2 27 2 2 2 27 2 2 27 2 2 45 45 45 45 45 45 45 45 45 45 45 45 45 45 45 45 45 45 45 45 45 45 45 45 45 45 45 45 45 45 45 45 45 45 45 45 45 45 45 45 45 45 45 45 45 45 45 45 45 45 45 45 45 45 45 45 45 45 45 45 35 35 21 21 21 21 21 21 21 37 37 21 43 21 21 21 21 44 21 21 21 43 22 21 39
2 2 2 2 2 26 2 2 2 26 2 2 26 2 2 46 46 46 46 46 46 46 46 46 46 47 47 47 47 47 47 47 47 46 46 46 46 46 46 47 47 47 47 47 46 46 46 46 46 46 46 46 46 46 46 46 46 46 46 46 46 47 47 46 46 46 46 46 46 46 46 47 47 45 35 35 35 21 21 21 21 21 21 21 37 37 21 43 21 21 21 21 44 21 21 21 43 22 21 2
2 2 2 2 2 2 2 2 2 2 2 2 2 2 2 24 24 24 24 24 24 24 24 24 24 24 24 24 24 24 24 24 24 24 24 24 24 24 24 24 24 24 24 24 24 24 24 24 24 24 24 24 24 24 24 24 24 24 24 24 24 24 24 24 24 24 24 24 24 24 24 24 24 34 34 34 34 34 34 34 34 34 34 34 34 34 34 34 34 34 24 24 24 24 24 24 24 24 24 2
13 13 13 13 13 13 13 13 13 13 13 13 13 13 13 13 13 13 13 13 13 13 13 13 13 13 13 13 13 13 13 13 13 13 13 13 13 13 13 13 13 13 13 13 13 13 13 13 13 13 13 13 13 13 13 13 13 13 13 13 13 13 13 13 13 13 13 13 13 13 13 13 13 13 13 13 13 13 13 13 13 13 13 13 13 13 13 13 13 13 13 13 13 13 13 13 13 13 13 13
13 13 13 13 13 13 13 13 13 13 13 13 13 13 13 13 13 13 13 13 13 13 13 13 13 13 13 13 13 13 13 13 13 13 13 13 13 13 13 13 13 13 13 13 13 13 13 13 13 13 13 13 13 13 13 13 13 13 13 13 13 13 13 13 13 13 13 13 13 13 13 13 13 13 13 13 13 13 13 13 13 13 13 13 13 13 13 13 13 13 13 13 13 13 13 13 13 13 13 13
13 13 13 13 13 13 13 13 13 13 13 13 13 13 13 13 13 13 13 13 13 13 13 13 13 13 13 13 13 13 13 13 13 13 13 13 13 13 13 13 13 13 13 13 13 13 13 13 13 13 13 13 13 13 13 13 13 13 13 13 13 13 13 13 13 13 13 13 13 13 13 13 13 13 13 13 13 13 13 13 13 13 13 13 13 13 13 13 13 13 13 13 13 13 13 13 13 13 13 13
2 2 2 2 2 2 2 13 13 13 13 13 13 2 2 2 2 2 2 2 2 2 2 2 2 2 2 2 2 2 13 13 13 13 2 2 2 2 2 2 2 2 2 2 2 2 2 2 13 13 13 13 13 13 16 16 16 16 16 16 16 16 16 16 16 16 16 16 16 16 16 16 16 16 16 16 16 16 18 17 2 2 2 2 2 2 2 2 2 2 2 2 2 2 2 2 2 2 2 2
2 2 2 2 2 2 2 13 13 13 13 13 13 2 2 1 1 1 1 1 1 1 1 1 1 1 1 1 2 2 13 13 13 13 2 20 16 16 1 1 1 1 1 1 16 16 16 2 13 13 13 13 13 13 16 16 16 16 16 16 16 16 16 16 16 16 16 16 16 16 16 16 16 16 16 16 16 16 18 17 2 2 6 6 6 8 6 6 1 1 1 1 1 1 1 1 1 6 8 2
2 2 21 1 1 1 2 13 13 13 13 13 13 2 2 1 1 1 1 1 1 1 1 21 1 1 1 1 2 2 13 13 13 13 2 16 21 16 1 1 1 1 1 1 21 16 16 2 13 13 13 13 13 13 16 16 16 16 16 16 16 16 16 16 16 16 16 16 16 16 16 16 16 16 16 16 16 16 18 17 2 2 6 21 6 7 6 6 1 21 1 1 1 1 1 1 1 6 7 2
2 2 21 1 1 1 2 13 13 13 13 13 13 2 2 1 1 1 1 1 1 1 1 21 1 1 1 1 2 2 13 13 13 13 2 16 21 1 1 1 23 23 23 1 21 1 1 2 13 13 13 13 13 13 16 16 16 16 16 16 16 16 16 16 16 16 16 16 16 16 16 16 16 16 16 16 16 16 18 17 2 2 6 21 6 7 6 0 0 21 0 23 23 23 1 1 23 6 7 2
2 2 2 2 2 2 2 13 13 13 13 13 13 2 2 2 2 2 2 2 2 2 2 2 2 2 2 2 2 2 13 13 13 13 2 2 2 2 2 2 2 2 2 2 2 2 2 2 13 13 17 16 16 16 16 16 16 16 16 16 2 16 16 16 16 16 16 16 16 2 16 16 16 16 16 16 16 16 18 17 2 2 2 2 2 2 2 2 2 2 2 2 2 2 2 2 2 2 2 2
2 2 2 2 2 2 2 13 13 13 13 13 13 13 13 13 13 13 13 13 13 13 13 13 13 13 13 13 13 13 13 13 13 13 13 13 13 13 13 13 13 13 13 13 13 13 13 13 13 13 17 16 16 16 16 16 16 16 16 16 25 25 10 25 25 25 25 25 25 25 16 16 16 16 16 16 16 16 18 17 2 2 2 2 2 2 2 2 2 2 2 2 2 2 2 2 2 2 2 2
13 13 13 13 13 13 13 13 13 13 13 13 13 13 13 13 13 13 13 13 13 13 13 13 13 13 13 13 13 13 13 13 13 13 13 13 13 13 13 13 13 13 13 13 13 13 13 13 13 13 17 16 16 16 16 16 16 16 16 16 16 16 10 16 16 16 16 16 16 16 16 16 16 16 16 16 16 16 18 17 13 13 13 13 14 9 9 9 9 9 9 9 9 9 9 9 9 9 9 15
13 9 9 9 9 9 9 9 9 9 9 13 13 14 9 9 9 9 9 9 9 9 9 9 9 9 9 9 15 13 13 9 9 9 9 9 9 9 9 9 9 9 9 9 9 9 9 9 9 15 17 16 16 16 16 16 16 16 16 16 16 16 10 16 16 16 0 16 16 16 16 16 16 16 16 16 16 16 18 17 13 13 13 13 14 21 6 8 6 6 6 8 6 6 6 8 6 21 6 15
14 6 21 6 6 6 6 6 6 6 21 15 13 14 21 8 6 6 6 21 6 8 6 6 6 8 6 21 15 13 14 6 21 6 8 6 6 6 6 8 6 8 6 8 6 6 6 21 6 15 17 16 16 16 16 21 16 20 20 16 16 16 10 16 16 16 16 0 0 0 16 16 21 16 16 21 16 16 18 17 13 13 13 13 14 21 6 7 6 11 12 7 6 11 12 7 6 21 6 15
14 24 24 24 24 24 24 24 24 24 24 15 13 14 21 7 11 12 6 21 6 7 11 12 6 7 6 21 15 13 14 6 21 6 7 6 11 12 6 7 6 7 6 7 11 12 6 21 6 15 17 16 16 16 2 21 16 16 2 16 2 16 10 16 16 0 0 0 0 0 16 16 21 16 16 21 16 16 18 17 13 13 13 13 13 4 5 4 4 4 5 4 4 4 4 5 4 4 4 13
13 13 13 13 13 13 13 13 13 13 13 13 13 13 4 4 4 4 5 4 4 4 4 5 4 4 4 5 15 13 14 4 4 4 5 4 4 4 4 4 5 4 4 4 4 4 4 5 4 15 17 16 16 16 25 25 25 25 25 16 25 25 25 25 25 25 25 10 25 25 25 25 25 25 25 25 25 25 18 17 13 13 13 13 13 13 13 13 13 13 13 13 13 13 13 13 13 13 13 13
13 13 13 13 13 13 13 13 13 13 13 13 13 13 13 13 13 13 13 13 13 13 13 13 13 13 13 13 13 13 13 13 13 13 13 13 13 13 13 13 13 13 13 13 13 13 13 13 13 13 17 16 16 16 16 16 16 0 16 16 16 16 16 16 16 16 16 10 16 16 16 16 16 16 16 16 16 16 18 17 13 13 13 13 13 13 13 13 13 13 13 13 13 13 13 13 13 13 13 13
13 13 13 2 2 2 2 2 2 2 2 2 2 13 13 13 13 13 13 13 13 13 13 13 13 13 13 13 13 13 13 13 13 13 13 13 13 13 13 13 13 13 13 13 13 13 13 13 13 13 17 16 16 16 16 0 16 16 16 16 16 16 16 16 16 16 16 10 16 16 16 16 16 16 16 16 16 16 18 17 13 13 13 13 2 2 2 2 2 2 2 2 2 2 2 2 2 2 2 2
13 13 13 2 2 2 2 2 2 2 2 2 18 17 21 16 16 16 16 16 16 16 16 16 16 16 16 16 16 16 18 17 16 16 16 16 16 16 16 16 16 16 16 16 16 18 13 13 13 13 17 16 16 16 16 16 16 16 16 0 0 0 0 16 16 16 16 10 16 16 16 16 16 16 16 16 16 16 18 17 13 13 13 13 2 2 2 2 2 2 2 2 2 2 2 2 2 2 2 2
13 13 13 2 2 16 16 16 16 16 16 16 18 17 21 16 16 16 16 2 1 1 1 1 16 16 10 16 16 16 18 17 21 16 10 16 16 16 16 16 16 16 16 16 16 18 13 13 13 13 17 16 16 16 16 16 16 16 2 0 0 0 2 0 16 16 16 10 16 16 16 16 16 16 16 16 16 16 18 17 13 13 13 13 2 1 1 1 1 1 29 30 1 1 1 1 1 1 2 2
13 13 13 2 2 16 16 16 16 16 16 16 18 17 25 10 25 25 25 25 1 1 1 25 25 25 10 25 16 16 18 17 21 16 10 16 2 16 16 16 16 16 16 16 16 18 13 13 13 13 17 16 16 16 16 16 16 16 25 25 10 25 25 16 16 16 16 10 16 16 16 16 16 16 16 16 16 16 18 17 13 13 13 13 2 1 1 1 1 1 31 32 1 1 1 1 1 1 2 2
13 13 13 2 2 20 21 20 16 16 21 16 18 17 16 10 16 16 16 1 16 1 16 16 1 16 10 16 16 21 18 17 25 25 10 25 25 16 16 16 16 16 20 21 20 18 13 13 13 13 17 16 16 16 16 16 16 16 16 16 10 0 0 16 16 16 16 10 16 16 16 16 16 16 16 0 16 16 18 17 13 13 13 13 2 1 1 1 28 2 2 2 2 2 28 1 1 1 2 2
13 13 13 2 2 23 21 23 23 16 21 16 18 17 16 10 16 16 16 1 23 23 1 16 1 16 10 16 16 21 18 17 16 16 10 16 16 16 16 16 16 16 16 21 16 18 13 13 13 13 17 16 21 16 20 16 16 16 16 16 10 0 0 0 16 16 16 10 16 16 16 16 16 0 0 0 0 16 18 17 13 13 13 13 2 21 1 1 27 1 1 1 1 1 27 1 21 1 2 2
13 13 13 2 2 2 2 2 24 24 24 24 2 13 25 25 25 25 25 25 25 25 25 25 25 25 25 25 25 25 13 13 19 19 19 19 19 19 19 19 19 19 19 19 19 13 13 13 13 13 17 16 21 16 16 16 16 16 16 16 10 0 0 0 16 0 16 10 16 0 16 16 0 0 0 0 0 0 18 17 13 13 13 13 2 21 1 1 26 1 23 23 1 1 26 1 21 0 2 2
13 13 13 13 13 13 13 13 13 13 13 13 13 13 13 13 13 13 13 13 13 13 13 13 13 13 13 13 13 13 13 13 13 13 13 13 13 13 13 13 13 13 13 13 13 13 13 13 13 13 13 19 19 19 19 19 19 19 19 19 19 19 19 19 19 19 19 19 19 19 19 19 19 19 19 19 19 19 13 13 13 13 13 13 2 2 2 2 24 24 24 24 2 2 2 2 2 2 2 2
13 13 13 13 13 13 13 13 13 13 13 13 13 13 13 13 13 13 13 13 13 13 13 13 13 13 13 13 13 13 13 13 13 13 13 13 13 13 13 13 13 13 13 13 13 13 13 13 13 13 13 13 13 13 13 13 13 13 13 13 13 13 13 13 13 13 13 13 13 13 13 13 13 13 13 13 13 13 13 13 13 13 13 13 2 2 2 2 2 2 2 2 2 2 2 2 2 2 2 2
13 13 13 13 13 13 13 13 13 13 13 13 13 13 13 13 13 13 13 13 13 13 13 13 13 13 13 13 13 13 13 13 13 13 13 13 13 13 13 13 13 13 13 13 13 13 13 13 13 13 13 13 13 13 13 13 13 13 13 13 13 13 13 13 13 13 13 13 13 13 13 13 13 13 13 13 13 13 13 13 13 13 13 13 2 2 2 2 2 2 2 2 2 2 2 2 2 2 2 2
13 13 13 13 13 13 13 13 13 13 13 13 13 13 13 13 13 13 13 13 13 13 13 13 13 13 13 13 13 13 13 13 13 13 13 13 13 13 13 13 13 13 13 13 13 13 13 13 13 13 13 13 13 13 13 13 13 13 13 13 13 13 13 13 13 13 13 13 13 13 13 13 13 13 13 13 13 13 13 13 13 13 13 13 13 13 13 13 13 13 13 13 13 13 13 13 13 13 13 13
21 21 21 21 21 21 21 21 21 21 21 21 34 21 21 34 21 21 21 21 21 21 21 21 21 21 21 21 21 21 21 21 21 21 21 21 21 21 21 21 21 21 34 34 21 21 13 13 13 13 13 13 13 13 13 13 13 13 13 13 13 13 13 13 13 13 13 13 13 13 13 13 13 13 13 13 13 13 13 13 13 13 13 13 13 13 13 13 13 13 13 13 13 13 13 13 13 13 13 13
21 21 21 21 21 21 21 21 21 21 21 21 34 21 21 34 21 21 21 21 21 21 21 21 21 21 21 21 21 21 21 21 21 21 21 21 21 21 21 21 21 21 34 34 21 21 13 18 17 2 2 2 2 2 2 2 2 2 2 2 2 2 2 2 2 2 2 2 2 2 2 2 2 2 2 2 2 2 2 2 2 2 2 2 2 2 13 13 13 13 13 13 13 13 13 13 13 13 13 13
21 21 21 21 21 21 21 21 21 21 21 21 34 21 21 34 21 21 21 21 21 21 21 21 21 21 21 21 21 21 21 21 21 21 21 21 21 21 21 21 21 21 34 34 21 21 13 18 17 2 2 2 2 2 2 2 2 2 2 2 2 2 2 2 2 2 2 2 2 2 2 2 2 2 2 2 2 2 2 2 2 2 2 2 2 2 9 9 9 9 9 9 9 9 9 9 9 9 9 2
21 21 21 21 21 21 21 21 21 21 22 21 34 21 21 34 21 21 21 21 21 21 21 21 21 21 21 21 21 21 21 21 21 21 21 21 21 21 21 21 21 21 34 34 21 21 13 18 17 1 1 1 33 2 33 1 1 1 1 1 1 1 1 1 1 1 1 1 1 1 1 1 1 1 1 1 1 1 1 1 1 1 1 1 1 1 8 6 6 6 8 6 6 6 6 6 6 6 6 2
21 21 21 21 2 21 21 21 21 21 22 21 34 21 21 34 21 21 21 21 21 21 21 21 21 21 21 21 21 21 21 21 21 21 21 21 21 21 21 21 21 21 34 34 21 21 13 18 17 1 1 1 33 2 33 1 1 1 1 1 1 1 1 1 1 1 1 1 1 1 1 1 1 1 1 1 1 1 1 1 1 1 1 1 1 1 7 6 6 6 7 6 6 6 6 6 6 6 6 2
21 21 21 21 37 37 37 37 37 37 37 37 34 21 21 34 21 21 21 21 21 21 21 21 21 21 21 21 29 30 21 21 21 21 21 21 21 21 21 21 21 21 34 34 21 21 13 18 17 1 1 1 33 2 33 1 1 1 1 29 30 1 1 1 1 1 29 30 1 1 1 1 1 28 1 28 1 28 1 28 1 28 1 1 1 1 7 6 6 6 7 6 6 6 6 6 6 6 6 2
21 21 21 35 21 21 42 21 21 21 21 21 34 21 21 34 21 21 21 21 21 21 21 21 21 21 21 21 31 32 21 21 21 37 37 37 37 37 21 21 21 21 34 34 21 21 13 18 17 1 1 1 33 2 33 1 1 1 1 31 32 1 1 1 1 1 31 32 1 1 1 1 1 27 1 27 1 27 1 27 1 27 1 1 1 6 7 6 6 6 7 6 6 6 6 6 6 6 6 2
21 21 35 35 21 21 42 21 21 21 21 21 34 21 21 34 21 35 35 21 21 21 21 21 21 21 21 37 37 37 37 37 37 37 21 36 21 36 21 21 21 21 34 34 21 21 13 18 17 1 1 1 33 21 33 1 1 1 1 29 30 29 30 1 1 1 29 30 1 29 30 1 1 26 1 26 1 26 1 26 1 26 1 1 6 6 7 6 6 6 7 6 6 6 6 6 6 21 6 2
21 21 21 21 21 21 42 21 21 21 21 21 34 21 21 34 35 22 35 21 21 35 21 29 30 21 21 37 21 36 21 21 21 37 21 21 21 21 21 21 22 21 34 34 21 21 13 18 17 1 1 1 33 21 33 1 1 1 1 31 32 31 32 1 1 1 31 32 1 31 32 1 1 1 1 1 1 1 23 1 23 1 1 6 6 6 7 6 6 6 7 6 11 12 6 11 12 21 6 2
21 2 21 21 21 21 42 21 21 21 21 21 34 21 21 34 35 22 35 21 35 35 21 31 32 21 21 37 21 21 21 21 21 37 21 35 35 35 35 21 22 21 34 34 21 21 13 13 13 19 19 19 19 19 19 19 19 19 19 19 19 19 19 19 19 19 19 19 19 19 19 19 19 19 19 19 19 19 19 19 19 19 19 19 19 19 4 4 4 4 4 4 5 4 4 4 24 24 24 2
21 37 37 37 37 37 37 37 37 37 37 37 34 21 21 34 34 34 34 34 34 34 34 34 34 34 34 34 34 34 34 34 34 34 34 34 34 34 34 2 2 2 34 34 21 21 13 13 13 13 13 13 13 13 13 13 13 13 13 13 13 13 13 13 13 13 13 13 13 13 13 13 13 13 13 13 13 13 13 13 13 13 13 13 13 13 13 13 13 13 13 13 13 13 13 13 13 13 13 13
21 21 42 21 21 21 21 21 21 21 21 21 21 21 21 21 21 21 21 21 21 21 21 21 21 21 21 21 21 21 21 21 21 21 21 21 21 21 21 21 21 21 21 21 21 21 21 21 21 21 21 21 21 21 21 21 21 21 21 21 21 21 21 21 21 21 21 21 21 21 21 21 21 21 21 21 21 21 21 21 21 21 21 21 21 21 21 21 21 21 21 21 21 21 21 21 21 21 21 21
21 21 42 21 35 21 21 21 21 21 21 21 21 21 21 21 21 21 21 21 21 21 21 21 21 21 21 21 21 21 21 21 21 21 21 21 21 21 21 21 21 21 21 21 21 21 34 34 34 35 35 21 21 21 21 21 21 21 21 21 21 21 21 21 21 21 21 21 21 21 21 21 21 21 21 21 21 21 21 21 35 35 35 21 21 21 21 21 21 21 21 21 2 21 21 21 22 21 34 34
21 21 42 21 21 21 21 21 35 35 21 21 21 21 21 21 21 21 21 21 21 21 21 21 21 21 21 21 21 21 21 21 21 21 21 21 21 21 21 21 21 21 21 21 21 21 34 34 34 35 22 21 21 21 21 21 21 21 21 21 21 21 21 21 21 21 21 21 21 21 21 21 21 21 21 21 21 21 21 21 35 28 35 21 21 21 21 21 21 21 21 21 2 21 21 21 22 21 34 34
21 21 42 21 35 35 35 35 35 35 21 21 21 21 35 35 35 21 21 21 21 21 38 21 38 21 38 21 21 21 21 21 21 29 30 21 21 21 21 29 30 21 21 22 21 2 34 34 34 35 22 35 21 21 2 21 21 21 21 21 21 21 37 37 37 37 37 37 37 37 37 37 37 21 21 21 21 21 21 21 35 27 35 21 21 22 21 21 21 21 21 21 37 37 37 37 37 37 34 34
2 21 42 21 21 21 35 35 35 35 21 21 21 35 35 21 21 21 21 21 21 21 39 21 39 21 39 21 21 21 21 21 21 31 32 21 21 21 21 31 32 21 21 22 21 2 34 34 34 37 37 37 37 37 37 21 21 21 21 21 21 21 37 37 37 21 21 36 21 21 37 37 37 21 21 21 21 21 21 21 35 35 35 2 21 22 21 21 21 21 21 21 21 42 21 21 21 21 34 34
37 37 37 37 37 37 37 37 37 37 37 37 37 37 37 37 37 34 34 34 34 34 34 34 34 34 34 34 34 34 34 37 37 37 37 37 37 37 37 37 37 37 37 37 37 37 34 34 34 21 21 21 21 42 21 21 21 21 21 28 21 21 37 21 36 21 21 40 21 21 36 21 37 21 21 21 28 21 21 21 35 35 21 37 37 37 37 37 37 37 37 37 37 37 37 37 37 37 34 34
21 21 21 21 21 21 21 21 21 42 21 21 21 21 21 21 21 34 34 34 34 34 34 34 34 34 34 34 34 34 34 37 37 37 37 37 37 42 21 21 21 21 21 21 21 21 34 34 34 35 21 21 21 42 21 21 29 30 21 27 21 21 37 21 21 21 21 41 21 21 21 21 37 21 21 21 27 21 21 21 21 35 21 21 36 21 37 21 21 21 21 21 21 21 21 35 22 35 34 34
21 21 21 21 21 21 21 21 21 42 21 21 21 21 21 21 21 34 34 34 34 34 34 34 34 34 34 34 34 34 34 21 36 21 36 21 21 42 21 21 21 21 21 21 21 21 34 34 34 35 35 21 21 42 21 21 31 32 21 21 21 21 37 21 21 21 35 35 35 21 21 37 37 37 21 21 21 21 21 21 21 21 21 21 21 21 37 21 21 21 21 21 21 21 21 35 22 35 34 34
21 21 21 21 21 29 30 21 21 42 21 35 35 35 35 35 21 34 34 34 34 21 21 21 21 21 21 21 21 34 34 21 21 29 30 21 21 42 21 21 21 21 21 21 21 21 34 34 34 34 34 34 34 34 34 34 34 34 34 34 34 34 34 34 34 34 34 34 34 34 34 34 34 34 34 34 34 34 34 34 34 34 34 34 34 34 34 34 34 34 34 34 34 34 34 34 34 34 34 34
21 21 21 2 21 31 32 21 21 42 21 35 35 2 35 21 21 34 34 34 34 21 21 21 21 21 21 21 21 35 34 21 21 31 32 21 21 42 21 21 21 21 21 21 21 21 34 34 34 34 34 34 34 34 34 34 34 34 34 34 34 34 34 34 34 34 34 34 34 34 34 34 34 34 34 34 34 34 34 34 34 34 34 34 34 34 34 34 34 34 34 34 34 34 34 34 34 34 34 34
21 21 21 37 37 37 37 37 37 37 37 37 37 37 21 21 21 34 34 34 34 22 21 40 21 21 40 21 21 35 35 21 21 29 30 29 30 42 21 21 21 2 21 21 21 21 34 34 34 21 21 21 21 21 21 21 21 21 21 21 43 21 21 21 21 43 21 21 21 21 21 21 21 21 21 21 44 21 21 21 21 21 21 21 21 21 21 21 21 21 21 21 21 21 21 21 21 34 34 34
21 21 21 21 21 36 21 21 21 21 21 21 36 21 21 21 21 34 34 34 34 22 21 41 21 21 41 21 35 35 35 21 21 31 32 31 32 42 21 21 21 2 21 21 21 21 34 34 34 21 21 21 21 21 21 21 21 21 21 21 43 21 21 21 21 43 21 40 40 40 40 40 40 40 40 21 44 21 21 21 21 21 21 21 21 21 21 21 21 21 21 21 21 21 21 21 21 34 34 34
21 21 21 21 21 21 21 21 2 21 21 21 22 21 21 21 21 34 34 34 34 34 34 34 34 34 34 34 34 34 34 34 34 37 37 37 37 37 37 37 37 37 21 21 21 21 34 34 34 21 21 22 21 21 21 21 21 40 21 21 43 21 21 21 21 43 21 41 41 41 41 41 41 41 41 21 44 21 21 21 21 21 21 21 21 21 21 21 21 21 21 40 21 21 21 22 21 34 34 34
21 21 21 21 35 35 35 21 2 21 21 21 22 21 21 2 21 34 34 34 34 34 34 34 34 34 34 34 34 34 34 34 34 21 21 21 21 37 21 21 35 35 35 35 35 21 34 34 34 21 21 22 21 21 21 21 21 41 21 21 43 21 21 21 21 43 35 35 35 35 35 35 35 35 35 35 44 21 21 21 21 21 21 21 21 21 21 21 21 21 21 41 21 35 35 22 21 34 34 34
21 21 21 21 35 35 21 21 37 37 37 37 37 37 37 37 21 34 34 34 34 34 34 34 34 34 34 34 34 34 34 34 21 21 21 21 21 37 21 35 35 35 35 21 21 21 34 34 34 34 34 34 34 34 34 34 34 34 34 34 34 34 34 34 34 34 34 34 34 34 34 34 34 34 34 34 34 34 34 34 34 34 34 34 34 34 34 34 34 34 34 34 34 34 34 34 34 34 34 34
21 21 21 21 21 35 21 21 21 21 21 21 21 21 21 21 21 34 34 34 34 34 34 34 34 34 34 34 34 34 34 34 21 21 21 21 21 37 21 21 35 35 21 21 21 21 21 21 21 21 21 21 21 21 21 21 21 21 21 21 21 21 21 21 21 21 21 21 21 21 21 21 21 21 21 21 21 21 21 21 21 21 21 21 21 21 21 21 21 21 21 21 21 21 21 21 21 21 21 21